1,1,marcos,molina,123
2,2,ana,moyano,456
3,3,santi,gimenez,789
4,4,guille,garro,1